(
SPIKE_MERS1:0.55590,
SPIKE_SARS:0.10857,
SPIKE_SARS_2:0.11321);

